[(0.0, 0.5)]
stable = False
unstable = True
converged = True
gamma_max = 0.00017879733333334147
omega_last = 0.028653663
gamma_last = 0.094138749
omega_avg = 0.028603536533333338
gamma_avg = 0.09429852766666666
omega_min = 7.310953333333758e-05
omega_max = 5.012646666666121e-05
gamma_min = 0.00015977866666666563

